CSFRD_inferred_from_SMD.ecsv
# %ECSV 1.0
# ---
# datatype:
# - {name: Redshift, datatype: float64}
# - {name: sfrd_50, unit: solMass / (yr Mpc3), datatype: float64}
# - {name: sfrd_16, unit: solMass / (yr Mpc3), datatype: float64}
# - {name: sfrd_84, unit: solMass / (yr Mpc3), datatype: float64}
# meta: !!omap
# - cosmology: {H0: 70.0, Omega_lambda: 0.7, Omega_m: 0.3}
# - {IMF: Chabrier03}
# schema: astropy-2.0
Redshift sfrd_50 sfrd_16 sfrd_84
[from data line 3865]
17.01025256314079 3.1080953676685474e-05 1.832702451736215e-05 4.899851470675219e-05
17.014653663415856 3.101902410877866e-05 1.828633290233182e-05 4.8907816968393026e-05
17.019054763690924 3.095667173689099e-05 1.8247244309239638e-05 4.881748976476838e-05
17.023455863965996 3.0895208863753395e-05 1.8207173424727087e-05 4.872897732162898e-05
17.027856964241064 3.083349668079278e-05 1.816716585334837e-05 4.8640089924931686e-05
17.03225806451613 3.0771914406810464e-05 1.8127598728736004e-05 4.855237789808148e-05
17.0366591647912 3.0710461754597235e-05 1.8088054077878728e-05 4.846517643625386e-05
17.04106026506627 3.064913843760845e-05 1.8048786858363213e-05 4.8377605051323233e-05
17.04546136534134 3.058699938297923e-05 1.800902564645435e-05 4.828759775889993e-05
17.049862465616407 3.052569879402462e-05 1.7968724446592875e-05 4.8197852421711606e-05
17.054263565891475 3.0464381330783053e-05 1.792943314571076e-05 4.8110478420048e-05
17.058664666166546 3.0403438037379576e-05 1.789068556486116e-05 4.802281028088268e-05
17.063065766441614 3.0341755068125625e-05 1.7851418856993932e-05 4.7935010622935746e-05
17.067466866716682 3.0281224015416802e-05 1.781276192961183e-05 4.784671296264189e-05
17.07186796699175 3.0220821799403947e-05 1.777386269483397e-05 4.77584741699703e-05
17.076269067266818 3.016121669676068e-05 1.7734837881646623e-05 4.7669950806625904e-05
17.08067016754189 3.0101612238694887e-05 1.769633689362175e-05 4.7581881181937555e-05
17.085071267816957 3.0041991783330913e-05 1.7657841331494416e-05 4.749543524950875e-05
17.089472368092025 2.998136552842799e-05 1.7619424872045663e-05 4.740748693082128e-05
17.093873468367093 2.992174837280846e-05 1.7581596671194833e-05 4.7319683930444836e-05
17.098274568642164 2.986320245065222e-05 1.7543661391649755e-05 4.723098950750122e-05
17.102675668917232 2.9804033301059333e-05 1.750512802970029e-05 4.714391603159392e-05
17.1070767691923 2.974421577813258e-05 1.746620796935128e-05 4.705855194274677e-05
17.111477869467368 2.968477696104898e-05 1.742750400500049e-05 4.697374827663383e-05
17.11587896974244 2.9625301320073092e-05 1.738906473527659e-05 4.688937821870596e-05
17.120280070017508 2.956613983677491e-05 1.7351349019237435e-05 4.680480384366861e-05
17.124681170292575 2.9507899034389944e-05 1.7312995266667515e-05 4.6720758227790836e-05
17.129082270567643 2.9449040353450343e-05 1.7274774167122675e-05 4.6635893981047335e-05
17.133483370842715 2.9390724723185447e-05 1.723713002927367e-05 4.655068610259042e-05
17.137884471117783 2.9332175610144698e-05 1.7199571937146195e-05 4.646619309246196e-05
17.14228557139285 2.927374942155797e-05 1.7162326244532338e-05 4.638229424377397e-05
17.14668667166792 2.92152443852856e-05 1.712542150236137e-05 4.629690896336636e-05
17.15108777194299 2.915679057643228e-05 1.7088386074579014e-05 4.621215224747543e-05
17.155488872218058 2.90982981834789e-05 1.7051319522734616e-05 4.612698751308752e-05
17.159889972493126 2.9040640362801054e-05 1.7014634648293828e-05 4.604177900732812e-05
17.164291072768194 2.8983350904466176e-05 1.6978211810979914e-05 4.595814823157227e-05
17.168692173043265 2.8925758567413472e-05 1.6941870885452504e-05 4.587605641000561e-05
17.173093273318333 2.8869129809517452e-05 1.6905452513337096e-05 4.5791276276589865e-05
17.1774943735934 2.8811304222103823e-05 1.686941390719561e-05 4.570828510657452e-05
17.18189547386847 2.875420074697394e-05 1.6832410669041285e-05 4.562473584276424e-05
17.18629657414354 2.8697810461442125e-05 1.6795653351383687e-05 4.554270503550164e-05
17.190697674418608 2.8640093992718045e-05 1.6759275120865935e-05 4.546094598241188e-05
17.195098774693676 2.8582722076012395e-05 1.6722439514864147e-05 4.538224458068903e-05
17.199499874968744 2.8525835560968948e-05 1.668497611561757e-05 4.530072658965816e-05
17.203900975243815 2.8468329033816302e-05 1.6647196730110702e-05 4.521674875250465e-05
17.208302075518883 2.841192467992894e-05 1.660939050657154e-05 4.5137515347333585e-05
17.21270317579395 2.8354562390449633e-05 1.657234710828269e-05 4.5054607825421017e-05
17.21710427606902 2.8298463730649267e-05 1.653591751361833e-05 4.497200907880272e-05
17.22150537634409 2.8242794849547815e-05 1.6499635832188552e-05 4.4890367793137985e-05
17.22590647661916 2.8187002917554903e-05 1.6463678019960754e-05 4.480868967948835e-05
17.230307576894226 2.8130098542520965e-05 1.642825732598712e-05 4.472669947169362e-05
17.234708677169294 2.807382877309809e-05 1.639190114932759e-05 4.464520713478845e-05
17.239109777444362 2.8017502573913634e-05 1.6355920246772355e-05 4.456286910239479e-05
17.243510877719434 2.7962285272270684e-05 1.632031563582158e-05 4.447966039221336e-05
17.2479119779945 2.790749473496576e-05 1.628410445980655e-05 4.439802372628024e-05
17.25231307826957 2.7852263136195e-05 1.6249400886704942e-05 4.431654528361138e-05
17.256714178544637 2.7796035513344475e-05 1.6214530001083488e-05 4.42354094697975e-05
17.26111527881971 2.774112902501209e-05 1.6179185391189317e-05 4.415391807651179e-05
17.265516379094777 2.768606885223116e-05 1.6143486453226643e-05 4.407242661309954e-05
17.269917479369845 2.7631663065884527e-05 1.6107839040279746e-05 4.3992705425349775e-05
17.274318579644913 2.7577231362170118e-05 1.6073162496755855e-05 4.391151065177253e-05
17.278719679919984 2.7522353750471737e-05 1.6038602422257625e-05 4.3832120932027037e-05
17.283120780195052 2.7467541594381914e-05 1.6004003949760086e-05 4.375169937235337e-05
17.28752188047012 2.741413190503912e-05 1.596922639012711e-05 4.3672571898109664e-05
17.291922980745188 2.7360330424412785e-05 1.5934438272689466e-05 4.359233735988915e-05
17.29632408102026 2.7306783566763803e-05 1.589916828338298e-05 4.351221302615958e-05
17.300725181295327 2.7252424788988316e-05 1.5864025320808587e-05 4.343417758180495e-05
17.305126281570395 2.7198338457753577e-05 1.582966824938399e-05 4.3357750839433046e-05
17.309527381845463 2.7143422371200743e-05 1.5796217913497176e-05 4.327864100308387e-05
17.313928482120534 2.708862304482274e-05 1.576253752645874e-05 4.319894073375218e-05
17.318329582395602 2.703472781369695e-05 1.572795977898872e-05 4.3119623563802086e-05
17.32273068267067 2.698243264678616e-05 1.5693741093991537e-05 4.304046064948806e-05
17.327131782945738 2.692824184388041e-05 1.566042424127675e-05 4.296145167428048e-05
17.33153288322081 2.6875638633228575e-05 1.5626688199583335e-05 4.288355733640145e-05
17.335933983495877 2.682228995167216e-05 1.5592823395078996e-05 4.280510073903708e-05
17.340335083770945 2.6769468648132854e-05 1.555863398780659e-05 4.272683367144823e-05
17.344736184046013 2.6715901776529274e-05 1.5524997724611763e-05 4.264919518533733e-05
17.349137284321085 2.666151289517166e-05 1.549140249319244e-05 4.257229395168255e-05
17.353538384596153 2.660782282093939e-05 1.5457649939244606e-05 4.249418163209864e-05
17.35793948487122 2.6554488596790143e-05 1.5424560486958566e-05 4.241694250178089e-05
17.36234058514629 2.650200997210811e-05 1.5391547259145514e-05 4.2339822873255045e-05
17.36674168542136 2.6450588323739615e-05 1.5358198028962844e-05 4.226451742039689e-05
17.371142785696428 2.6398656556395077e-05 1.5324865695705474e-05 4.2187563833478924e-05
17.375543885971496 2.6347117271457658e-05 1.529131195030991e-05 4.2109986105426705e-05
17.379944986246564 2.6294477801674097e-05 1.5258120627945924e-05 4.203320765137585e-05
17.38434608652163 2.6242772328855143e-05 1.5225496177433645e-05 4.1957020129123525e-05
17.388747186796703 2.6189964854502595e-05 1.5192461875480206e-05 4.188083813377593e-05
17.39314828707177 2.6137996391249508e-05 1.5159201712194055e-05 4.1804096063084125e-05
17.39754938734684 2.608590846180172e-05 1.5127007876056418e-05 4.172787561470149e-05
17.401950487621907 2.6034598655248084e-05 1.509466966863992e-05 4.165205928157279e-05
17.406351587896978 2.5983359878356118e-05 1.5062813259719947e-05 4.157620871675053e-05
17.410752688172046 2.5931799950288217e-05 1.5030581596088987e-05 4.150121421915707e-05
17.415153788447114 2.588087700759427e-05 1.4998094471285979e-05 4.142698791402941e-05
17.419554888722182 2.5829608984267703e-05 1.4965314845730055e-05 4.1353323351840877e-05
17.423955988997253 2.5778448078100275e-05 1.4932467063422017e-05 4.127893747149193e-05
17.42835708927232 2.572759977160849e-05 1.4899694747474817e-05 4.1203222257174245e-05
17.43275818954739 2.5677757747333397e-05 1.4866997716918661e-05 4.112966438351412e-05
17.437159289822457 2.5628113635138513e-05 1.483511816587339e-05 4.1054911200114545e-05
17.44156039009753 2.5578074142318036e-05 1.480373085612652e-05 4.0980430798626905e-05
17.445961490372596 2.5526675085081314e-05 1.4771151019544582e-05 4.09079369186676e-05
17.450362590647664 2.547527318063911e-05 1.4739581817764032e-05 4.083333081614215e-05
17.454763690922732 2.542512585796648e-05 1.4707694854891877e-05 4.075923450047596e-05
17.459164791197804 2.5376273391225032e-05 1.4675965400931516e-05 4.068564407826487e-05
17.46356589147287 2.5326688986460676e-05 1.4644791818331733e-05 4.0611886439600896e-05
17.46796699174794 2.5276892816304466e-05 1.4613470697916017e-05 4.053956113205669e-05
17.472368092023007 2.522721846289698e-05 1.4582120233545661e-05 4.0467218787514104e-05
17.47676919229808 2.51777495144474e-05 1.4550996777601717e-05 4.039524595604902e-05
17.481170292573147 2.5127271218417044e-05 1.45199295983538e-05 4.0322323281901416e-05
17.485571392848215 2.5077843816745343e-05 1.4488932081170546e-05 4.0249916521081326e-05
17.489972493123283 2.502838265534432e-05 1.4457936729865757e-05 4.017657587098119e-05
17.494373593398354 2.4980625579681764e-05 1.4426515469121304e-05 4.010347121134473e-05
17.498774693673422 2.493167221790956e-05 1.4395140411868666e-05 4.0030108490596994e-05
17.50317579394849 2.4882159842044074e-05 1.4364491069568493e-05 3.9958621672941315e-05
17.507576894223558 2.483392158969555e-05 1.4333130030519465e-05 3.9886677429715124e-05
17.51197799449863 2.4785236983283275e-05 1.4301258015359108e-05 3.981513013373583e-05
17.516379094773697 2.473658775807217e-05 1.427001592650867e-05 3.9743131555433846e-05
17.520780195048765 2.468753403030442e-05 1.4239210621497487e-05 3.967010256565589e-05
17.525181295323833 2.4639656356385464e-05 1.4208333668518813e-05 3.959656680712256e-05
17.529582395598904 2.4592171639589058e-05 1.4177216261709654e-05 3.95235918010963e-05
17.533983495873972 2.454443926294606e-05 1.4146208763732917e-05 3.945192117183529e-05
17.53838459614904 2.4495444904037255e-05 1.4116222719404194e-05 3.938047414723611e-05
17.542785696424108 2.4446321419371444e-05 1.4086510347119074e-05 3.931003726062675e-05
17.547186796699176 2.4398343847445345e-05 1.4056555055622969e-05 3.923893214090261e-05
17.551587896974247 2.4351259277298668e-05 1.4026327776273431e-05 3.916830177076307e-05
17.555988997249315 2.4303319712856342e-05 1.3996035122473089e-05 3.909777013487949e-05
17.560390097524383 2.4254514343558875e-05 1.396564602656176e-05 3.902634450481091e-05
17.56479119779945 2.4207009511101024e-05 1.3935347817913092e-05 3.895351801883694e-05
17.569192298074523 2.4159034728676003e-05 1.3905401655482265e-05 3.8881194391877665e-05
17.57359339834959 2.411093537022106e-05 1.3875618296676441e-05 3.8810812403852784e-05
17.57799449862466 2.4062949336724504e-05 1.3846570054663036e-05 3.874059494163981e-05
17.582395598899726 2.401565205170491e-05 1.3816934772914033e-05 3.867198193148901e-05
17.586796699174798 2.396804727736153e-05 1.37873159518514e-05 3.860390387382359e-05
17.591197799449866 2.3920492211570406e-05 1.3757631404749144e-05 3.8534328316063356e-05
17.595598899724934 2.387390824866588e-05 1.3728401714653214e-05 3.846385389379561e-05
17.6 2.3827179380107506e-05 1.3699379043504138e-05 3.8393922164196495e-05
