CSFRD_inferred_from_SMD.ecsv
# %ECSV 1.0
# ---
# datatype:
# - {name: Redshift, datatype: float64}
# - {name: sfrd_50, unit: solMass / (yr Mpc3), datatype: float64}
# - {name: sfrd_16, unit: solMass / (yr Mpc3), datatype: float64}
# - {name: sfrd_84, unit: solMass / (yr Mpc3), datatype: float64}
# meta: !!omap
# - cosmology: {H0: 70.0, Omega_lambda: 0.7, Omega_m: 0.3}
# - {IMF: Chabrier03}
# schema: astropy-2.0
Redshift sfrd_50 sfrd_16 sfrd_84
[from data line 2182]
9.603200800200051 0.0012524115918835256 0.0010136761827642352 0.0014990743163839939
9.607601900475121 0.0012493857587560168 0.001011033117908355 0.0014957794569002763
9.612003000750189 0.001246413687365132 0.0010083388391687264 0.001492460659148712
9.616404101025259 0.001243348733290292 0.0010057854478715976 0.0014891084792927024
9.620805201300326 0.001240406344530631 0.0010031942058342565 0.0014857388425510462
9.625206301575396 0.0012374527195456386 0.0010006290303412524 0.0014824438706304887
9.629607401850464 0.001234542894282338 0.0009980207585426658 0.001479219347192815
9.634008502125534 0.0012315669572194009 0.0009954375620018852 0.001475945648518452
9.638409602400602 0.0012285509517159544 0.0009928793943257803 0.0014725993683740266
9.642810702675671 0.0012256345733829277 0.0009902856368504546 0.001469260204948132
9.64721180295074 0.001222672176611307 0.000987765022071912 0.0014659907862914943
9.651612903225809 0.0012197463482863373 0.0009851733051193265 0.0014628100999592498
9.656014003500877 0.0012168559019637584 0.0009826562034207752 0.001459500075189236
9.660415103775945 0.0012139502510952439 0.0009800725761367674 0.0014562543859893307
9.664816204051014 0.0012110299670592365 0.00097753265576667 0.0014529819782761269
9.669217304326082 0.0012081232426785803 0.0009750887777520124 0.0014497012181711709
9.673618404601152 0.0012052652009973252 0.0009725892365754388 0.0014464507917334457
9.67801950487622 0.0012023793555479148 0.0009700767439831244 0.0014432225790797588
9.68242060515129 0.001199471373404383 0.000967619015805963 0.001439970435225466
9.686821705426357 0.0011965427626568655 0.0009651516874742814 0.0014367696584687232
9.691222805701427 0.0011937880977153017 0.0009626644526025779 0.001433442363690386
9.695623905976495 0.0011909280678664522 0.0009602153309325786 0.0014301868568043616
9.700025006251565 0.0011880778203831883 0.0009577855156300343 0.001427055360311031
9.704426106526633 0.0011852810552997084 0.000955333097889067 0.0014238900749284666
9.708827206801702 0.001182432379529524 0.0009528791576714188 0.001420728512954789
9.71322830707677 0.0011796173385078589 0.000950434027251397 0.0014175527977678432
9.71762940735184 0.001176813145610661 0.0009479757859787879 0.0014142732635083113
9.722030507626908 0.001173945786723961 0.0009455304947418661 0.0014111286765920053
9.726431607901977 0.0011711465978095621 0.0009431402189937556 0.0014080368960146415
9.730832708177045 0.0011684299041387466 0.0009406855836866807 0.001404906400868073
9.735233808452115 0.0011657012662284227 0.0009382947072484903 0.0014017334222658493
9.739634908727183 0.0011629225485481427 0.0009359302501171343 0.0013986031668741519
9.744036009002253 0.0011601948788483043 0.0009334855054539367 0.0013955210237461193
9.74843710927732 0.0011574018529370705 0.0009310782043625708 0.0013924125703760008
9.75283820955239 0.0011546518923776824 0.0009286905152993182 0.0013893299876030795
9.757239309827458 0.0011518998398145936 0.0009262751808821002 0.0013861529044258962
9.761640410102528 0.0011491548114206023 0.0009238873547695179 0.0013829816507627524
9.766041510377596 0.001146385291691524 0.0009215549049647041 0.001379858769031161
9.770442610652665 0.0011436773881155693 0.0009192534963221546 0.001376730915006545
9.774843710927733 0.0011409975057745268 0.0009169439220351562 0.001373689074272551
9.779244811202803 0.0011383046448158393 0.0009145985593594215 0.0013707289932621697
9.78364591147787 0.0011355839415687942 0.000912247814980896 0.0013677086960566817
9.78804701175294 0.0011328893830559004 0.0009099588323814051 0.0013647173618776137
9.792448112028008 0.0011301884325325099 0.0009075992539755158 0.0013617009176020716
9.796849212303078 0.0011275158971477174 0.0009052679805536438 0.0013586236090541539
9.801250312578146 0.0011248250729761749 0.0009028648704199464 0.0013555877529653193
9.805651412853216 0.0011221600700891897 0.000900517723889335 0.0013525321486474542
9.810052513128284 0.0011194599615888554 0.0008981961732472169 0.001349445081862814
9.814453613403353 0.0011167679573528375 0.0008959201036494223 0.0013464446975542921
9.818854713678421 0.0011141259755704375 0.0008936115861959783 0.0013434973795843443
9.82325581395349 0.001111495304586509 0.0008913225646445183 0.001340503041515669
9.827656914228559 0.0011088616427933227 0.0008890375841556815 0.0013375341266501826
9.832058014503627 0.0011062556235471644 0.0008867342339764294 0.0013345488199663503
9.836459114778696 0.0011036291025014388 0.0008844733065222505 0.0013316243710274742
9.840860215053764 0.0011009772415896332 0.0008822005639489112 0.0013286656413612342
9.845261315328834 0.0010983518987327408 0.000879940971993652 0.0013256840080809551
9.849662415603902 0.0010957371308511817 0.0008776856397104168 0.001322712671772193
9.854063515878972 0.001093111421426704 0.0008753867152271875 0.0013197416175957314
9.85846461615404 0.001090515228898661 0.000873121861873273 0.0013167602731236066
9.86286571642911 0.0010878744452107038 0.0008708468341823484 0.0013138846626422212
9.867266816704177 0.0010853050015725565 0.0008686081893866768 0.0013109536523698362
9.871667916979247 0.001082722581908977 0.0008663955670683039 0.0013080113908139836
9.876069017254315 0.0010801506627325273 0.000864209555095293 0.0013050594073190068
9.880470117529384 0.0010775753429365848 0.0008620022250499096 0.0013021542385327541
9.884871217804452 0.0010750315851412926 0.000859792864894841 0.0012992913733590311
9.889272318079522 0.001072457059465772 0.0008575865474370981 0.001296417184634993
9.89367341835459 0.0010698955107950596 0.0008553821547631673 0.0012935722183366294
9.89807451862966 0.0010672811784987928 0.0008531819953734684 0.0012906606680349244
9.902475618904727 0.001064722708462724 0.0008510556509315889 0.0012877949355517867
9.906876719179797 0.00106218192093931 0.0008488655563189403 0.0012849332385097521
9.911277819454865 0.0010596397684840039 0.0008466427288072796 0.0012820799813401168
9.915678919729935 0.0010571238585587485 0.0008445033230426603 0.0012791895043054499
9.920080020005003 0.0010546137294730673 0.0008423193860594632 0.0012763895324521147
9.924481120280072 0.0010520819986555832 0.0008401771339832244 0.0012734408869458879
9.92888222055514 0.0010495947205418886 0.0008380450410534734 0.0012705852450153744
9.93328332083021 0.0010471216422396974 0.0008358514218869186 0.0012677730514767404
9.937684421105278 0.0010446000733964917 0.0008336255067882473 0.0012648956997062342
9.942085521380347 0.001042089599213592 0.000831518362089356 0.001262064054641507
9.946486621655415 0.0010396134404337 0.000829423206838248 0.0012592535926658837
9.950887721930485 0.0010371186412841858 0.0008272837639579636 0.001256482718737956
9.955288822205553 0.0010346766440401643 0.0008251793295219962 0.0012536881447072973
9.959689922480623 0.0010321905647628163 0.0008230230471738184 0.0012508951327258335
9.96409102275569 0.0010297537202921248 0.0008208897742896988 0.001248097250241518
9.96849212303076 0.001027326101631669 0.0008187710448229379 0.0012452775151654183
9.972893223305828 0.001024891639457133 0.000816660965010005 0.0012424841411407073
9.977294323580898 0.0010224744337936395 0.0008145768356913457 0.001239776620521838
9.981695423855966 0.0010200425384055772 0.0008125089393717941 0.0012370273452821262
9.986096524131034 0.0010176544777156897 0.0008104379887449566 0.0012342961114487603
9.990497624406103 0.0010152650859632116 0.0008083857270544492 0.0012315636481643332
9.994898724681171 0.0010128659840890509 0.0008062939936612061 0.0012287883583903766
9.99929982495624 0.0010104895460555773 0.0008042225198102243 0.0012261002169708512
10.003700925231309 0.0010080728173880059 0.0008021548137015161 0.0012233789421397627
10.008102025506378 0.001005749232448843 0.000800091617108482 0.001220596769566179
10.012503125781446 0.0010033697234716195 0.000798053035511528 0.0012179036409305185
10.016904226056516 0.0010009759706432271 0.0007960409885637975 0.0012151771423442785
10.021305326331584 0.0009986419425307208 0.0007940046441175451 0.0012125460954685611
10.025706426606654 0.0009962970802332779 0.0007920199778243488 0.0012098159702552225
10.030107526881721 0.0009939727408826442 0.0007900027181971104 0.0012071089913796372
10.034508627156791 0.0009915945221717216 0.0007879799411247456 0.0012044275130563234
10.038909727431859 0.0009892223100379269 0.0007859764052073501 0.001201723851614567
10.043310827706929 0.0009868369023573957 0.0007839717293331169 0.0011990370042340545
10.047711927981997 0.0009844918536776387 0.000782001410842871 0.0011963419970534223
10.052113028257066 0.0009821282381090911 0.000779979902886932 0.001193634454769989
10.056514128532134 0.0009797825524164036 0.0007780465220220632 0.001190982644385982
10.060915228807204 0.0009774329974893792 0.0007760850707714289 0.001188374193172031
10.065316329082272 0.0009751325413394146 0.0007741532156200124 0.0011857162645847155
10.069717429357341 0.0009728629137395308 0.0007721879563607313 0.0011830895625413753
10.07411852963241 0.0009705426844732455 0.0007702113756373643 0.0011804401547516122
10.078519629907479 0.0009682217056652262 0.0007682117616600486 0.001177788321037957
10.082920730182547 0.0009659324382377672 0.0007662428136560075 0.0011751909977447523
10.087321830457617 0.0009636380911602567 0.00076426302603145 0.001172579176973355
10.091722930732685 0.0009613431140595355 0.0007623308740530227 0.0011699406920272287
10.096124031007754 0.0009590802577848181 0.0007604106753694882 0.0011672859472000566
10.100525131282822 0.0009568230823657077 0.0007584847500513989 0.0011646835924912407
10.104926231557892 0.0009545346946417255 0.0007565500489329971 0.0011620630119713348
10.10932733183296 0.0009522778122113121 0.0007545849931271806 0.0011594483048432479
10.11372843210803 0.0009500878278398615 0.0007526353708238361 0.001156822880172315
10.118129532383097 0.000947791146853016 0.0007506898011013329 0.0011542220209883247
10.122530632658167 0.0009455770578849267 0.0007487942945502011 0.001151666183600868
10.126931732933235 0.0009433348269820216 0.0007468891691670075 0.0011491909489686153
10.131332833208305 0.0009411036411305424 0.0007449928878284757 0.0011466447809246768
10.135733933483372 0.0009388410840985006 0.0007431137753303753 0.001144095634700203
10.14013503375844 0.0009365820244296191 0.0007412280040296461 0.001141622590174752
10.14453613403351 0.0009343209938174909 0.0007393576919639156 0.0011390649827177604
10.148937234308578 0.0009321489304747157 0.0007374747081017309 0.001136517596395965
10.153338334583648 0.000929915037701424 0.0007355937887323251 0.0011340099463607327
10.157739434858716 0.0009277439396421083 0.0007337054701421218 0.0011314677999453159
10.162140535133785 0.0009255331125864961 0.0007318438098697338 0.0011289468947762288
10.166541635408853 0.0009233754391334807 0.000729968063109295 0.0011264008285651673
10.170942735683923 0.0009211797261117303 0.0007281454275159426 0.001123891606613449
10.17534383595899 0.000918951939870723 0.0007263204574421171 0.0011214923486087068
10.17974493623406 0.0009167874057556892 0.0007244955420902492 0.001119030007987371
10.184146036509128 0.0009146463408813255 0.0007226671288097174 0.0011166489094541912
10.188547136784198 0.0009125135606074367 0.0007207943739324595 0.0011141896595321648
10.192948237059266 0.0009102923454336922 0.0007189456514774035 0.0011117644785832053
10.197349337334336 0.0009081219744722204 0.0007170944745866754 0.0011093205044805006
10.201750437609403 0.0009060131260852555 0.0007152412967634496 0.0011068988878737847
10.206151537884473 0.0009038692575085148 0.0007134126525483917 0.00110443875600122
10.210552638159541 0.0009017114452223988 0.0007115831970955185 0.001101989950517991
10.21495373843461 0.0008995930191934845 0.0007097917180431035 0.0010995148342623077
10.219354838709679 0.0008974168131340037 0.0007079584270228339 0.0010971166856225173
10.223755938984748 0.0008953226196458903 0.0007061439283466993 0.0010947211077551586
10.228157039259816 0.0008932267293359791 0.0007043119555273033 0.0010922896093319727
10.232558139534886 0.0008911466447262903 0.0007025283897609938 0.0010898590762335736
10.236959239809954 0.0008890693250676521 0.0007007382059882192 0.00108746093483231
10.241360340085023 0.0008869191675892807 0.0006989160794698563 0.00108511432160692
10.245761440360091 0.0008848123598735532 0.0006971385090002546 0.0010827062809723308
10.250162540635161 0.0008827120375189967 0.0006953650750162758 0.001080336732608656
10.254563640910229 0.0008806209672221636 0.0006935918505562739 0.0010779161367172206
10.258964741185299 0.0008784899186990206 0.0006918248977080191 0.0010755489677063022
10.263365841460367 0.0008764319977691598 0.0006900204601496116 0.0010731798537330672
10.267766941735436 0.0008743252679318623 0.0006882547446778849 0.001070814208274877
10.272168042010504 0.0008722815569511079 0.0006864952775467785 0.0010684826059809784
10.276569142285574 0.0008702506539624087 0.0006847297320193614 0.00106611294025954
10.280970242560642 0.0008681814842982539 0.0006830326681172479 0.0010637827338264632
10.285371342835711 0.0008661481286274298 0.0006812975685666253 0.0010613922874088814
10.28977244311078 0.0008641236386384523 0.0006795835835459985 0.0010590581452625837
10.294173543385849 0.0008620694816480328 0.0006778190396092904 0.0010567158740242965
10.298574643660917 0.0008600484295606202 0.0006760891170440145 0.0010543778641817815
10.302975743935985 0.0008580428499370443 0.0006743421366819544 0.0010520490258317647
10.307376844211054 0.0008560062660114555 0.0006726045774804591 0.0010497268318311267
10.311777944486122 0.0008540052405472547 0.0006708915108951819 0.001047396492212484
10.316179044761192 0.0008520023598112491 0.000669161711546065 0.00104508227631319
10.32058014503626 0.000849979832418729 0.0006674455949383445 0.0010427743110452536
10.32498124531133 0.0008479278667483922 0.0006657199223364171 0.0010404414764091233
10.329382345586398 0.0008459020059230132 0.0006640749804923682 0.0010381772334508135
10.333783445861467 0.0008438870925144275 0.0006623788106473304 0.0010359122260305115
10.338184546136535 0.0008418557621418752 0.000660702785465633 0.0010336343272002427
10.342585646411605 0.0008398854385822572 0.000659024946229123 0.0010313787453043502
10.346986746686673 0.0008379321827498449 0.0006573318466799014 0.0010291126751670312
10.351387846961742 0.0008359491535355475 0.0006556661334657859 0.0010268851288118904
10.35578894723681 0.0008339842216620337 0.0006539572644232828 0.0010245954091131608
10.36019004751188 0.0008320129857731785 0.0006522659223296062 0.0010223141667203147
10.364591147786948 0.0008300832119720669 0.000650594860256854 0.0010200519391188373
10.368992248062018 0.0008281353228763161 0.0006489870032687484 0.0010177975140421935
10.373393348337085 0.0008261238180980257 0.0006473043077575331 0.0010155713598340142
10.377794448612155 0.0008241862785726458 0.0006456398458504555 0.001013318706551258
10.382195548887223 0.0008222454635009588 0.0006439658503249579 0.0010111317547469496
10.386596649162293 0.0008202592422571535 0.0006423293026221638 0.0010088520474188121
10.39099774943736 0.0008183101210451667 0.0006406945686811283 0.0010066355504343909
10.39539884971243 0.0008164031426264089 0.0006390666839143208 0.0010043402575692787
10.399799949987498 0.0008144623005240688 0.0006374379554840681 0.0010021250865440397
10.404201050262568 0.0008125518832235292 0.000635840461622543 0.0009999711556175632
10.408602150537636 0.000810645044515962 0.0006342078563310839 0.0009977704505893168
10.413003250812706 0.000808725599242701 0.000632610859914598 0.0009955752429948203
10.417404351087773 0.0008068491394371544 0.0006310191086039607 0.0009934224207880107
10.421805451362843 0.0008049232307040002 0.0006293996721069743 0.00099125018202647
10.426206551637911 0.0008030108723509888 0.0006277860043672223 0.0009890513533117571
10.43060765191298 0.0008011100912181218 0.0006262199510510624 0.0009869163106198148
10.435008752188049 0.000799247333910486 0.0006246367580876782 0.0009847995774100854
