CSFRD_inferred_from_SMD.ecsv
# %ECSV 1.0
# ---
# datatype:
# - {name: Redshift, datatype: float64}
# - {name: sfrd_50, unit: solMass / (yr Mpc3), datatype: float64}
# - {name: sfrd_16, unit: solMass / (yr Mpc3), datatype: float64}
# - {name: sfrd_84, unit: solMass / (yr Mpc3), datatype: float64}
# meta: !!omap
# - cosmology: {H0: 70.0, Omega_lambda: 0.7, Omega_m: 0.3}
# - {IMF: Chabrier03}
# schema: astropy-2.0
Redshift sfrd_50 sfrd_16 sfrd_84
[from data line 802]
3.529682420605152 0.0332533591115643 0.030628538233239463 0.035990459793958096
3.5340835208802206 0.03319073107527838 0.0305695635893847 0.03592510048011961
3.5384846211552894 0.03313005578741055 0.030510280422758374 0.03585884476727863
3.542885721430358 0.03306767636808225 0.03045193599437225 0.03579215179864994
3.547286821705427 0.03300500383117076 0.0303934604232237 0.03572435575041186
3.5516879219804958 0.03294345458951383 0.030333917039882363 0.03565682968399008
3.5560890222555646 0.032880776646389595 0.03027421782087293 0.03559140395563002
3.5604901225306334 0.03281817082423769 0.030216860178170987 0.0355260500494644
3.564891222805702 0.032755868982915624 0.030158726111863744 0.035461400526960764
3.569292323080771 0.032694059707725036 0.030100017109835737 0.03539591436268022
3.5736934233558397 0.032632800794825424 0.03004204433108298 0.035329190066875925
3.5780945236309085 0.032571537237629074 0.029983815288369794 0.03526463151424191
3.582495623905977 0.032509412420871665 0.029925424139512945 0.03519783195326866
3.5868967241810457 0.03244796091602455 0.02986756945498273 0.03513120678909635
3.5912978244561145 0.032386061426842624 0.029809052998968983 0.03506578104367538
3.5956989247311832 0.032323072878841425 0.029750470815594555 0.035000002887235426
3.600100025006252 0.03226185832502974 0.029692818825238516 0.03493335390270929
3.604501125281321 0.0321991945265408 0.029635140820424268 0.0348670080833184
3.6089022255563896 0.03213663679971682 0.029577450648781933 0.03480025195258431
3.6133033258314584 0.032075007192745426 0.029519556887091843 0.03473457703330921
3.617704426106527 0.03201294957742832 0.029461600827190296 0.03466831114064418
3.622105526381596 0.03195233232913121 0.029403437498536567 0.03460276938652133
3.626506626656665 0.03189161979022409 0.029346141816190864 0.03453702993176839
3.6309077269317336 0.03182976460420167 0.029288984481908732 0.03447072568466657
3.6353088272068024 0.03176782876395468 0.029231632706248154 0.03440566293509388
3.639709927481871 0.03170484241046159 0.02917422803141676 0.034341412791010474
3.64411102775694 0.03164429720408409 0.02911601366963486 0.03427534538924504
3.6485121280320088 0.031582715979689695 0.029058891395040455 0.034210713668035984
3.6529132283070775 0.031521086149899374 0.029002095026569565 0.03414496419133763
3.6573143285821463 0.03145913743168684 0.028944820684206347 0.03407935798364373
3.6617154288572147 0.03139674340976606 0.028888526602632147 0.03401225911829208
3.6661165291322835 0.031335412326061865 0.02883070678066573 0.03394847146559566
3.6705176294073523 0.03127417744433013 0.028774181942079324 0.033883434460493786
3.674918729682421 0.031212554481783613 0.0287170695391755 0.03381904396315291
3.67931982995749 0.03115126133320567 0.028658988994525146 0.03375322261064001
3.6837209302325586 0.031089676252606054 0.028601193578391613 0.03368789486034265
3.6881220305076274 0.031028275999320742 0.028544335471052798 0.03362420580355382
3.6925231307826962 0.030967212684294223 0.028486356903752043 0.03355944122303233
3.696924231057765 0.03090692539638772 0.0284283456372101 0.033494529829860564
3.701325331332834 0.030846627791115168 0.028371181485659164 0.03342851121626942
3.7057264316079026 0.03078555463285246 0.02831384734017704 0.033363074139137805
3.7101275318829714 0.030724809095021312 0.028257646901381134 0.03329809272503794
3.71452863215804 0.03066318708167094 0.02820042825103475 0.03323372858846558
3.718929732433109 0.03060316219816397 0.028142957879719578 0.033168883345086636
3.7233308327081778 0.030541724229533156 0.028086931797424924 0.033105490674480216
3.7277319329832466 0.030481116203596836 0.0280305726313318 0.03304089424140949
3.7321330332583154 0.03042181180171778 0.027973094298553314 0.03297602685205975
3.736534133533384 0.030361536177931484 0.02791717142892972 0.03291206222428527
3.740935233808453 0.03030279077566665 0.027861308430294423 0.03284854087123823
3.7453363340835213 0.030241631777124234 0.027805259128914052 0.03278356626047975
3.74973743435859 0.03018219075124116 0.027749533567218414 0.03271950230652808
3.754138534633659 0.030121368455876447 0.027694006241534543 0.03265575477261582
3.7585396349087277 0.03006085551620892 0.02763831032336181 0.03259177501463059
3.7629407351837965 0.030000406352879552 0.027582247945568947 0.03252808142926752
3.7673418354588653 0.029940987691101126 0.027527214237028346 0.03246274473716866
3.771742935733934 0.029881978006590905 0.02747172666513705 0.0323989796995614
3.776144036009003 0.029822329875823332 0.027416022223435182 0.03233495936062237
3.7805451362840716 0.029762691414735008 0.027359716819608925 0.03227070259513387
3.7849462365591404 0.029702274600797784 0.027304660655394438 0.032205781012202
3.789347336834209 0.029642816825494935 0.02724909082072516 0.032141858663720976
3.793748437109278 0.029582982906982393 0.027193388171724328 0.03207881593925287
3.798149537384347 0.029522891460989034 0.027137938786060467 0.03201421894736675
3.8025506376594156 0.029462664028878132 0.02708187828635984 0.03195036555016525
3.8069517379344844 0.029403429643017443 0.027026817172369065 0.03188845502924895
3.811352838209553 0.029344611889639254 0.026971963743711302 0.03182573935163659
3.815753938484622 0.029284857384770432 0.02691656875641109 0.03176093176524738
3.8201550387596908 0.0292245637098383 0.02685907832478358 0.03169814506492589
3.824556139034759 0.02916520653289205 0.02680386664266069 0.03163480205400486
3.828957239309828 0.029104984920965603 0.026749417925117248 0.03157126030077197
3.8333583395848967 0.02904656071374551 0.026693630082016594 0.03150925017369286
3.8377594398599655 0.028987430462989565 0.026638016368250347 0.03144670058865103
3.8421605401350343 0.028927891482571428 0.0265833866564951 0.03138357970881949
3.846561640410103 0.02886817812318175 0.026527697785063753 0.031318453614293834
3.850962740685172 0.02881005042381889 0.02647257106501969 0.03125581797025993
3.8553638409602407 0.028751295577197675 0.026416830673209612 0.031192495394042282
3.8597649412353094 0.028691954104589742 0.026362197964216166 0.031129925993794803
3.8641660415103782 0.028632899734223182 0.026308219930648864 0.031066645442547
3.868567141785447 0.02857492583303225 0.02625335868335414 0.031003977483064615
3.872968242060516 0.02851588360659949 0.026196999893541607 0.0309414575719064
3.8773693423355846 0.028457907188461518 0.02614159376560939 0.030879841988092602
3.8817704426106534 0.028400525933792716 0.026087406127324044 0.030817071505533537
3.886171542885722 0.028343157111855314 0.026033770367939777 0.03075578454665062
3.890572643160791 0.028285274605885508 0.025980236054894155 0.030692947981025558
3.89497374343586 0.028227853470515173 0.025926090746013302 0.030630188917154463
3.8993748437109286 0.028169578838177518 0.02587207190560866 0.030567440016211714
3.903775943985997 0.028112395364422355 0.025816879755901318 0.030505211574471284
3.9081770442610657 0.02805424273857595 0.025763098224394793 0.030442627196557794
3.9125781445361345 0.027996843159883367 0.02570920266707969 0.030379942149995967
3.9169792448112033 0.02793875748278604 0.025654669628152476 0.030317432977740668
3.921380345086272 0.02787988200470899 0.025601192375721088 0.03025520244162261
3.925781445361341 0.027821815556177614 0.025547605116923625 0.03019268827772612
3.9301825456364097 0.027763921769569017 0.02549303085196048 0.03013161025942365
3.9345836459114785 0.02770642872453225 0.025439381474166255 0.030070484872622677
3.9389847461865473 0.02764954467976531 0.025386751860664213 0.03000959200751717
3.943385846461616 0.027592233515194478 0.025332453598014622 0.029947468031056572
3.947786946736685 0.0275350864478076 0.025279274693320298 0.029887613770249677
3.9521880470117536 0.027477055373907912 0.02522607031248674 0.029826514873495642
3.9565891472868224 0.027419589015987424 0.02517376731156775 0.029765322606755205
3.960990247561891 0.02736346840479028 0.025121464233807563 0.029703098484076207
3.96539134783696 0.027306174612607988 0.02506921715560402 0.02964224520467009
3.969792448112029 0.027249261239719987 0.025015220748102595 0.029580414448845575
3.9741935483870976 0.027191831089057816 0.024962818520000287 0.02951862876557223
3.9785946486621664 0.02713551980863396 0.024910206418732574 0.029457217957163957
3.982995748937235 0.027078782020702023 0.02485882119882775 0.02939601997662664
3.9873968492123035 0.027022289338208282 0.024806115625411875 0.02933447797592263
3.9917979494873723 0.026965573944753643 0.024752967915421968 0.02927492961561122
3.996199049762441 0.02690925266888129 0.024701056131507495 0.029213152448330733
4.00060015003751 0.0268528342687263 0.02464800882379875 0.02915247824941882
4.005001250312579 0.026796547270103867 0.024596517926089516 0.029092372881852423
4.0094023505876475 0.026739862671895816 0.02454576989737019 0.029031647752781338
4.013803450862716 0.02668330240112871 0.02449456507956731 0.028970627419305783
4.018204551137785 0.02662727314056609 0.024442006503052397 0.02890898432301833
4.022605651412854 0.026571891884250163 0.024389627077200503 0.02884848117318344
4.027006751687923 0.026517021874114057 0.024337447048693842 0.028788936962196435
4.0314078519629915 0.026461672397402342 0.024285437168855558 0.0287289326473353
4.03580895223806 0.026404764203053203 0.024233260788036056 0.028668948851627175
4.040210052513129 0.02634964825040914 0.02418171505339355 0.028609184031422163
4.044611152788198 0.02629375511827784 0.024129822671144215 0.028549930965543882
4.049012253063267 0.026237704918229455 0.024078949100872427 0.028490207103225265
4.053413353338335 0.026182400154335424 0.02402810089068162 0.02843065193983599
4.057814453613404 0.026126884658950734 0.023976959324634287 0.028372588082677754
4.062215553888473 0.02607162592232351 0.023925277937604884 0.028311782546499596
4.066616654163542 0.026017001519390723 0.02387407916622592 0.028253108392091598
4.071017754438611 0.02596200794174911 0.023822881774863042 0.02819393029409117
4.075418854713679 0.025906696836348497 0.023771764134144505 0.028133666688937554
4.079819954988748 0.025850833828639938 0.023720870306238036 0.028074014332486685
4.084221055263817 0.02579635064795732 0.023670536859232365 0.028013235953688008
4.088622155538886 0.025742177782797596 0.023619219430222348 0.027953601232728307
4.0930232558139545 0.025687181713048297 0.023567174568325053 0.02789541699731847
4.097424356089023 0.025632315619938353 0.023516121304861477 0.02783664600326137
4.101825456364092 0.025578195099544877 0.02346585500413487 0.02777839193633531
4.10622655663916 0.025523711868669297 0.02341556774757571 0.027718339188925755
4.110627656914229 0.02546962821765466 0.023365694966195727 0.027659238934417525
4.115028757189298 0.02541487700738004 0.02331404052931466 0.027600048367129305
4.119429857464366 0.025360205183488953 0.023263297231151225 0.02754243348451295
4.123830957739435 0.025305033277736345 0.023212486908291967 0.027483342585578188
4.128232058014504 0.025250002573700046 0.023161637157755245 0.027424983771404128
4.132633158289573 0.02519679801970903 0.0231111669929611 0.027365921145897507
4.137034258564642 0.025143262592626458 0.02306163299330934 0.02730746350135425
4.14143535883971 0.025089288816743487 0.02301055083671211 0.027249861959367523
4.145836459114779 0.025035135025684028 0.022960706291120896 0.027191127965915326
4.150237559389848 0.02498060051134913 0.02291050064734119 0.02713273129541409
4.154638659664917 0.024927153709005712 0.022860461975830172 0.027075955466368252
4.1590397599399855 0.024873174578555157 0.022810622442921556 0.02701812381229396
4.163440860215054 0.024819646243773565 0.02276190563966757 0.02695982993603188
4.167841960490123 0.0247658529112541 0.022712513239834656 0.02690315507406621
4.172243060765192 0.024713110411453344 0.022663314455289522 0.02684494018283688
4.176644161040261 0.02466066530791452 0.022614367840509846 0.026787592941067286
4.1810452613153295 0.024606921004109467 0.02256526709649029 0.02672979567283581
4.185446361590398 0.024553811823079235 0.022515592492053968 0.026672765271985546
4.189847461865467 0.024500091308168326 0.02246585242848861 0.02661495328277763
4.194248562140536 0.02444739769232435 0.022417685088680844 0.026558150332029833
4.198649662415605 0.024394464453049484 0.022369134601028243 0.026500779390742784
4.2030507626906735 0.024341335764255255 0.0223209908504711 0.026443597750351322
4.207451862965742 0.024287499250402307 0.02227124795618242 0.02638748446940093
4.211852963240811 0.024234614465706926 0.02222168148164266 0.026330822959045826
4.21625406351588 0.02418163801656189 0.022173681886103285 0.026274131837783668
4.220655163790949 0.024128375089140817 0.022124676040611947 0.026217935309439788
4.225056264066017 0.024076174967504207 0.02207592563650609 0.026162789562125314
4.229457364341086 0.02402304182959116 0.022028041630825317 0.026107020637140887
4.233858464616155 0.023971414239534812 0.02197924760013029 0.026050874968055974
4.238259564891224 0.023919522325863675 0.021930770780934004 0.02599459173896391
4.242660665166293 0.023866744623965257 0.021882354025906624 0.025938273899997626
4.247061765441361 0.023813740566579502 0.02183504566038011 0.02588179989976861
4.25146286571643 0.02376273225347623 0.021787379853677225 0.02582563437680929
4.255863965991499 0.023710809826887495 0.02173994258866024 0.025769734126590577
4.260265066266568 0.023658879163998357 0.021690625859323593 0.025712957961539835
4.2646661665416365 0.023607143876530574 0.021640855878743637 0.025657770442464724
4.2690672668167045 0.02355503972089252 0.021593885333821904 0.025601391466701644
4.273468367091773 0.023504086012844976 0.021546378412030852 0.025546302524084696
4.277869467366842 0.023452568308578656 0.021498221991575715 0.025491074284199337
4.282270567641911 0.023401256294005742 0.021451746577097093 0.025435309810806113
4.28667166791698 0.02335009700105261 0.02140481981528539 0.025379491602876406
4.291072768192048 0.023298636885284454 0.02135595876128113 0.025324050278143422
4.295473868467117 0.02324765605111869 0.021308289405258227 0.02526855040294297
4.299874968742186 0.023196247508984934 0.021260942601604535 0.02521268894850313
4.304276069017255 0.023144782455309112 0.02121343085523598 0.025158832014656962
4.308677169292324 0.0230933209648718 0.02116531880778537 0.02510454619324822
4.313078269567392 0.023043032846010947 0.021118051711567207 0.025051328103463305
4.317479369842461 0.0229924792115388 0.021070482524515 0.024996751014183773
4.32188047011753 0.022941209838537407 0.021023380102003355 0.024942591708974195
4.326281570392599 0.022890399323011363 0.020976634814449915 0.024888676065084978
4.3306826706676675 0.02284037282160417 0.020929667388918834 0.024834891108417793
4.335083770942736 0.022790235323722544 0.020883528981021617 0.024780444395342
4.339484871217805 0.022739578238875298 0.020836656572744538 0.024726418150004013
4.343885971492874 0.02268873635664743 0.020789552965636938 0.024672930924551622
4.348287071767943 0.022639416571047247 0.0207431805901026 0.024619447928248918
4.3526881720430115 0.022590415448057663 0.020696925566497066 0.02456491680696027
4.35708927231808 0.022539869764120247 0.020650821893366093 0.024509565960824178
4.361490372593149 0.02249054642418307 0.02060439208007559 0.02445539399978495
4.365891472868218 0.02244003073028693 0.020559082585723712 0.024401085112309935
4.370292573143287 0.022389678974437433 0.020513326758726982 0.02434870239486854
4.3746936734183555 0.022340495408987412 0.020466814586425523 0.02429415956821194
4.379094773693424 0.022290541308114524 0.02042087303577326 0.02424028814363204
4.383495873968493 0.022240095775551437 0.020374925575643445 0.024187289516972698
4.387896974243562 0.022190250050217127 0.020329287772818883 0.02413362610219958
4.392298074518631 0.022140590905295243 0.0202841243524475 0.024078652057719994
4.396699174793699 0.022091827923469635 0.020238582913963642 0.024023269600063415
4.401100275068768 0.022042365931515755 0.020193226479432055 0.023970577971899623
