CSFRD_inferred_from_SMD.ecsv
# %ECSV 1.0
# ---
# datatype:
# - {name: Redshift, datatype: float64}
# - {name: sfrd_50, unit: solMass / (yr Mpc3), datatype: float64}
# - {name: sfrd_16, unit: solMass / (yr Mpc3), datatype: float64}
# - {name: sfrd_84, unit: solMass / (yr Mpc3), datatype: float64}
# meta: !!omap
# - cosmology: {H0: 70.0, Omega_lambda: 0.7, Omega_m: 0.3}
# - {IMF: Chabrier03}
# schema: astropy-2.0
Redshift sfrd_50 sfrd_16 sfrd_84
[from data line 197]
0.8670167541885473 0.03129694641928918 0.025630504603486492 0.037409800123237205
0.8714178544636161 0.031450044586441094 0.025784743892009167 0.037554246598172976
0.8758189547386848 0.031602045337375456 0.02594008394455166 0.037695637388044455
0.8802200550137536 0.031756112688888054 0.026094224388433753 0.037836533627127356
0.8846211552888223 0.031908878972309075 0.026246136076187945 0.03798015137334482
0.8890222555638911 0.032058787900960846 0.026397681837138615 0.038120128314461925
0.8934233558389599 0.03220732781523625 0.026549009386385165 0.03825924980913171
0.8978244561140286 0.032356989249715064 0.02669931855545834 0.038402191340669044
0.9022255563890974 0.032506339613332345 0.026848236758575967 0.03854210329732326
0.9066266566641662 0.032656283227113926 0.026998208013815396 0.03868052721638026
0.911027756939235 0.032807391740527186 0.027151606624261627 0.03881961822117372
0.9154288572143037 0.03295656703457945 0.027299789220459454 0.03895848281120174
0.9198299574893725 0.03310492944227822 0.027454241071201417 0.039103238881983374
0.9242310577644413 0.03325090114063404 0.027606785838952676 0.03924603519879163
0.92863215803951 0.03339887485724699 0.0277595052828521 0.039379466179441096
0.9330332583145788 0.03354658348985887 0.027911512727117064 0.03951864850691456
0.9374343585896475 0.033692304024885385 0.028059682303818022 0.039654977151842116
0.9418354588647163 0.03384020369130191 0.028209184796811188 0.039790104865607405
0.9462365591397851 0.033987662403400135 0.0283590809853625 0.03992289600913453
0.9506376594148539 0.03413325103846607 0.028508719026766056 0.040055920687083094
0.9550387596899227 0.034279207551482636 0.028658482132479988 0.04018908009030089
0.9594398599649914 0.03442436655853242 0.02880747138601214 0.040323593325984494
0.9638409602400602 0.034566204517093 0.02895701285063711 0.04045764315633818
0.968242060515129 0.034710782836131826 0.02910434723820004 0.040587918746703984
0.9726431607901977 0.03485324369008215 0.02925352774666517 0.04072063695812338
0.9770442610652664 0.034993169918406786 0.02939964536292523 0.04084709643671785
0.9814453613403352 0.03513699012486363 0.029549137978169777 0.040976798919863326
0.985846461615404 0.03527702513654587 0.029696138841290347 0.041105988028746786
0.9902475618904728 0.03541635096667638 0.029846198017825745 0.04123173178373011
0.9946486621655416 0.03555344519910025 0.02999478166171568 0.04135728267994355
0.9990497624406103 0.03569632162194256 0.03013790402408988 0.04148699703487846
1.003450862715679 0.035832930123952125 0.03028169350802272 0.04161239656460642
1.0078519629907479 0.03596780281608777 0.030430860602461203 0.04173689534001621
1.0122530632658167 0.03610460964824154 0.030576893587029037 0.041858713956171224
1.0166541635408854 0.036239689321709866 0.030720163953343087 0.04198102309720443
1.0210552638159542 0.03637425322167424 0.030868390058425774 0.042107088110680396
1.025456364091023 0.03650927271212677 0.031010147084885673 0.042229039266706216
1.0298574643660916 0.0366461440269531 0.031151274793013887 0.042345759874443
1.0342585646411604 0.03678198596531141 0.031294588907315395 0.042466212172794116
1.0386596649162292 0.03691250712686252 0.03143675113253076 0.0425844536070449
1.043060765191298 0.03704550512705963 0.03158106587782703 0.0427013288184605
1.0474618654663668 0.03717908032759327 0.03172198447658769 0.04281958519078956
1.0518629657414356 0.03730970198874374 0.03186451633151153 0.04293904855218012
1.0562640660165044 0.037440209844636224 0.03200379111785122 0.04306047679102389
1.0606651662915731 0.03757469584058001 0.032141869776523065 0.04317817324118932
1.065066266566642 0.0377048730214739 0.03228328562972057 0.0432934586593828
1.0694673668417105 0.037834399049387124 0.03242156142674027 0.04340527545670413
1.0738684671167793 0.037960681067974705 0.03256127675420055 0.043523532692448914
1.078269567391848 0.03808788071842943 0.032701597384248784 0.04363675636812264
1.0826706676669169 0.03821453888858425 0.03283597113495512 0.04374928579676405
1.0870717679419857 0.03834302886155681 0.03297157445798112 0.0438598366279787
1.0914728682170545 0.03846883051222128 0.033104949423035435 0.04397337914542304
1.0958739684921233 0.03859430092307328 0.03324145223471341 0.04408679740782502
1.100275068767192 0.03871662600751399 0.033374435473917566 0.04419828992379781
1.1046761690422608 0.038841761757981756 0.0335105860214945 0.044300950559464015
1.1090772693173294 0.03896734210702063 0.03364684133823942 0.044411424315708076
1.1134783695923982 0.03909114431971397 0.03377895708024811 0.04452102930928588
1.117879469867467 0.039214689409718145 0.033915005171130164 0.044627980999850755
1.1222805701425358 0.039334073485837645 0.034043977728011474 0.04473445737870331
1.1266816704176046 0.039454997850316496 0.034176178849598546 0.04483562056525245
1.1310827706926734 0.03957780966014676 0.034308480158846244 0.04494456478990811
1.1354838709677422 0.0396975360896483 0.034442643745309726 0.04505185478030697
1.139884971242811 0.039812618759814046 0.03457108271655253 0.04515042893434973
1.1442860715178798 0.03992918028446307 0.03469983745463242 0.04525721408842463
1.1486871717929483 0.04004483927232514 0.03483038947931005 0.045365385319156626
1.1530882720680171 0.04016227866531201 0.03495659420481053 0.04546706855926596
1.157489372343086 0.04027757962537185 0.03508451626637812 0.045567862654233696
1.1618904726181547 0.040397467004879554 0.03521428064275641 0.04566934016110394
1.1662915728932235 0.040509277680549016 0.0353401409722297 0.045766436836832174
1.1706926731682923 0.04062401498869165 0.035466747483609104 0.04586829481199801
1.175093773443361 0.040735362638385564 0.03559411415584812 0.04596673633985681
1.1794948737184299 0.04085284715684162 0.03571760635478633 0.04606407303012536
1.1838959739934987 0.04096717505987746 0.035844015552755695 0.04616302869531961
1.1882970742685672 0.04108099443314156 0.03596604831208156 0.04626118075510147
1.192698174543636 0.04119142273306483 0.0360894967824826 0.0463556970594126
1.1970992748187048 0.04129913945073842 0.03621154988196736 0.046454422267031316
1.2015003750937736 0.04140996771416617 0.03633102270379981 0.046547021006810685
1.2059014753688424 0.041519552324101254 0.036450763699470964 0.04664233477217395
1.2103025756439112 0.04163176612097122 0.03657371615351773 0.046735350183972506
1.21470367591898 0.041740325072381075 0.036695031195171715 0.04682682072462758
1.2191047761940488 0.041848711998638384 0.0368179522651481 0.0469147385889105
1.2235058764691176 0.04195614803727796 0.03693697567808531 0.04700289641204215
1.2279069767441861 0.04206232527531708 0.03705980081535688 0.04709425034156133
1.232308077019255 0.0421654577162306 0.03717909741607728 0.0471852391630686
1.2367091772943237 0.042269871636590864 0.03729478151912392 0.04727335881191222
1.2411102775693925 0.042375035756972844 0.037410291077190905 0.047364974901209486
1.2455113778444613 0.042474737342949584 0.03752490747522072 0.04745411810549142
1.24991247811953 0.04257510548247078 0.037638108029394955 0.047541922340862776
1.254313578394599 0.042675990650369214 0.03775108642360092 0.047626203032293264
1.2587146786696677 0.04277457670520562 0.037862023000753225 0.0477097275898717
1.2631157789447365 0.042874774483619336 0.03797302647635091 0.047796913756862125
1.267516879219805 0.04297582049753169 0.03808599768234584 0.047883354657339526
1.2719179794948738 0.04307269017581424 0.038201195982059365 0.04796757372910199
1.2763190797699426 0.043172997983271365 0.03831532001730384 0.048048883902959166
1.2807201800450114 0.043273045635081546 0.038422886673072316 0.04812868798898175
1.2851212803200802 0.043366700415716934 0.038530751603739186 0.048207436387389155
1.289522380595149 0.043461725839312626 0.03864179837944961 0.04828620957854677
1.2939234808702178 0.043556809346522465 0.0387478072549514 0.04836288409612101
1.2983245811452866 0.04364926811600857 0.03885717782062778 0.04843838499401214
1.3027256814203554 0.043743749693268205 0.03896563795950358 0.048514351216762945
1.3071267816954242 0.043840316334539255 0.039074220833005845 0.04859328247186766
1.3115278819704927 0.04393014488842191 0.03918046669155735 0.04866901781192218
1.3159289822455615 0.0440219243174692 0.039286661099631165 0.04874595565291711
1.3203300825206303 0.044112625851103045 0.039392008512189644 0.048820089391105354
1.3247311827956991 0.04420023835169758 0.03949771296279447 0.048898508843233726
1.329132283070768 0.04429015687583953 0.03960094345190963 0.04897264868773784
1.3335333833458367 0.04437749613124244 0.03970252817821314 0.04904445446370966
1.3379344836209055 0.04446719351243794 0.039807114256127464 0.04911478219679856
1.3423355838959743 0.04455294326386585 0.03990688373087806 0.04918656969620959
1.346736684171043 0.044638857549905354 0.040007014768791496 0.049253072387093665
1.3511377844461117 0.04472628286807979 0.04010677829842943 0.049325165502785186
1.3555388847211804 0.04481220330237553 0.04020672812786853 0.04939457822986994
1.3599399849962492 0.04489359518950071 0.040306475445964766 0.04946421761700918
1.364341085271318 0.044981386721933615 0.04040317183994485 0.0495331233715773
1.3687421855463868 0.04506525845484877 0.04050302222339533 0.04959998001193824
1.3731432858214556 0.04514927551435553 0.040604428511973475 0.049667905754000874
1.3775443860965244 0.04522890092503713 0.04069770916250819 0.04973555880147773
1.3819454863715932 0.045310048936346985 0.04079084887640017 0.04979926139643789
1.386346586646662 0.04539205783497418 0.04088232354174231 0.049863654316814034
1.3907476869217306 0.045472430141275874 0.040976490366827094 0.04992334381458056
1.3951487871967994 0.04555140319887035 0.041070609038911084 0.04998600372903497
1.3995498874718681 0.045627535149132106 0.0411597633676727 0.05005335167433775
1.403950987746937 0.045705222453897916 0.04125358851992863 0.05011677124524441
1.4083520880220057 0.045784651398184585 0.041340820558473795 0.05017796123167951
1.4127531882970745 0.04586322717487373 0.04142918127167906 0.05023870953794546
1.4171542885721433 0.045939654001470154 0.041512332553679185 0.050301381782142544
1.421555388847212 0.046013886913422 0.04160081812799341 0.05035906977310489
1.425956489122281 0.04608881275340086 0.041686079892692254 0.05041799923003708
1.4303575893973495 0.04615839139799089 0.04177534744051281 0.050479845433640536
1.4347586896724183 0.046232097990701194 0.04186299928472893 0.05054127925887344
1.439159789947487 0.04630145579710243 0.04194927591005693 0.05059836396675075
1.4435608902225558 0.04637335066055225 0.042035708540124464 0.050659084424745746
1.4479619904976246 0.046441847672594 0.04212017913845519 0.050716509290333577
1.4523630907726934 0.04651358955531307 0.042205201361890855 0.05077161581921254
1.4567641910477622 0.046585040693148796 0.042286185003444006 0.05082592250266465
1.461165291322831 0.04665398621181086 0.04237081961811412 0.05088106830633891
1.4655663915978998 0.046719158769566164 0.04245457627084256 0.05093598392180768
1.4699674918729684 0.046788484925003516 0.04253915744807947 0.05098854584863262
1.4743685921480372 0.04685638799435918 0.04262124461468876 0.05104075708501777
1.478769692423106 0.04692240237744634 0.042701154365131416 0.05109171654743859
1.4831707926981748 0.046982660397006146 0.04277990457298865 0.05114152707533265
1.4875718929732435 0.04704989994787219 0.042859089159559285 0.05119395862773128
1.4919729932483123 0.047113824886999445 0.04293876318235546 0.051244012421885414
1.4963740935233811 0.04717633380137536 0.04301358816880892 0.05128921007333266
1.50077519379845 0.04723843747142195 0.043091512281736105 0.051337793977801735
1.5051762940735187 0.047302440801328734 0.043164194799357875 0.051383430322639166
1.5095773943485873 0.04736409007534684 0.04323782961019737 0.05143166329745724
1.513978494623656 0.047423403646874404 0.043308923173459725 0.05148333173331336
1.5183795948987249 0.04748394108244015 0.04338293374199003 0.05153583921080202
1.5227806951737937 0.04754192129646356 0.0434595559217355 0.0515833283087259
1.5271817954488625 0.047599008080995965 0.043528861517960205 0.05162735837630364
1.5315828957239312 0.04765374369651404 0.043600805949415095 0.05167248662252958
1.535983995999 0.04770631553141862 0.04366882854785876 0.05171651903295644
1.5403850962740688 0.04776520227770205 0.043738628602532185 0.05175873797936875
1.5447861965491376 0.04781771257905324 0.043805291080751915 0.051801797854008784
1.5491872968242064 0.04787541037767866 0.043875746776727516 0.0518416422396928
1.553588397099275 0.04793168150621369 0.043942117081656 0.05188277412361429
1.5579894973743438 0.0479842765339921 0.044008579669269514 0.05192307703710448
1.5623905976494126 0.048036459010692104 0.04407253719159848 0.05196584390550097
1.5667916979244814 0.04808701500737784 0.044134742393157636 0.05200368071118871
1.5711927981995502 0.048136290690057607 0.04419542176142523 0.05203855152429038
1.575593898474619 0.04818481252439555 0.04426248249603762 0.05207750521968703
1.5799949987496877 0.04823951860339657 0.0443203932243222 0.052117845887771096
1.5843960990247565 0.04828633964995112 0.04437920449105198 0.052155628442231025
1.5887971992998253 0.04833484348391192 0.04444096733988361 0.05219460523169889
1.593198299574894 0.048380327480298135 0.044503171936131763 0.05222944605614118
1.5975993998499627 0.0484261186130644 0.04456007219006481 0.05226869370864162
1.6020005001250315 0.048476350402342834 0.04462099492638324 0.05230285998645744
1.6064016004001003 0.04852153460867611 0.04467687640283311 0.05233792205402292
1.610802700675169 0.048562249812796186 0.04473299878902873 0.052372265351022164
1.6152038009502379 0.04860705593933644 0.04479095528288309 0.05240771478707947
1.6196049012253066 0.04864813645707148 0.04484562665481026 0.052443541744294844
1.6240060015003754 0.04869304568403802 0.04489953042519874 0.05247865993851021
1.6284071017754442 0.0487334074051023 0.044954880340891554 0.0525128386159318
1.6328082020505128 0.04877838965289053 0.04500786269053111 0.052544731934211546
1.6372093023255816 0.048820337797517044 0.04506128721550261 0.052580446160146385
1.6416104026006504 0.04886068208098438 0.045111542706040925 0.05260866568326067
1.6460115028757192 0.04889954648117393 0.04516494253724751 0.052632709536393395
1.650412603150788 0.04893649900979073 0.04521547721557553 0.05266015092840298
1.6548137034258568 0.04897380675971808 0.04526689996448281 0.0526924846753944
1.6592148037009256 0.04901095829375545 0.045318100668219015 0.05272392513756531
1.6636159039759943 0.04904870322461213 0.04536588426704621 0.05274808065739282
1.6680170042510631 0.04908617711046152 0.045412159374546054 0.05277302772543309
1.6724181045261317 0.049123767068445616 0.045459143165291246 0.05280059867538372
1.6768192048012005 0.049159312425596964 0.04550802664422064 0.05282422118170899
1.6812203050762693 0.04919261177223065 0.0455542089205334 0.05284999376694858
1.685621405351338 0.04922849097902622 0.04559687989655504 0.05287248763268732
1.6900225056264069 0.04926502174388807 0.045643047286657724 0.052898520947153214
1.6944236059014757 0.04929846895939443 0.04568694532023167 0.05292377239518228
1.6988247061765445 0.04933242794133958 0.04573195774577564 0.052948045449782356
1.7032258064516133 0.049364552818916455 0.04576995071578363 0.05297156638212754
1.707626906726682 0.049398657481500435 0.04580901306910684 0.05299697035941281
1.7120280070017506 0.04943120276031319 0.04584847480416219 0.05302101457395412
1.7164291072768194 0.049461669743912064 0.04588835445477335 0.05304113005020506
1.7208302075518882 0.04949203848829596 0.04592721380590085 0.05306208546582907
1.725231307826957 0.04952017766135669 0.04596526512333896 0.05308311411177308
1.7296324081020258 0.049551275638001796 0.04600169240046493 0.05310254112410395
1.7340335083770946 0.04957938758194987 0.046035934570607034 0.05311958732998662
1.7384346086521634 0.0496096545517716 0.04607563737112481 0.05313860819650572
1.7428357089272322 0.049634781131683924 0.0461076704222802 0.05315903719727182
