SMF_data_points.ecsv
# %ECSV 1.0
# ---
# datatype:
# - {name: Redshift, datatype: string}
# - {name: M_star, unit: solMass, datatype: float64}
# - {name: Phi, unit: 1 / (dex Mpc3), datatype: float64}
# - {name: dPhi, unit: 1 / (dex Mpc3), datatype: float64}
# meta: !!omap
# - cosmology: {H0: 70.0, Omega_lambda: 0.7, Omega_m: 0.3}
# - {IMF: Chabrier03}
# schema: astropy-2.0
Redshift M_star Phi dPhi
"0.2 < z < 0.5" 7.50301 0.08627246497361288 0.014436241500380934
"0.2 < z < 0.5" 7.75301 0.05391615280709508 0.009322035158322204
"0.2 < z < 0.5" 8.00301 0.039142467642469016 0.007000940492743403
"0.2 < z < 0.5" 8.25301 0.028773667247363903 0.005327234441141784
"0.2 < z < 0.5" 8.50301 0.024415568236790586 0.00467555995747103
"0.2 < z < 0.5" 8.75301 0.01810233257024319 0.003591003278093962
"0.2 < z < 0.5" 9.00301 0.013907872066929484 0.0028576477140348907
"0.2 < z < 0.5" 9.25301 0.010689083775851076 0.002276586140838217
"0.2 < z < 0.5" 9.50301 0.0074409781004480015 0.0016471515423307807
"0.2 < z < 0.5" 9.75301 0.0061417538457740365 0.0014090064103875546
"0.2 < z < 0.5" 10.00301 0.005049229176079667 0.0012013639409901677
"0.2 < z < 0.5" 10.25301 0.004355328932454642 0.0010733129623460964
"0.2 < z < 0.5" 10.50301 0.004251982031163932 0.001081303388050234
"0.2 < z < 0.5" 10.75301 0.002864182310667158 0.0007604819731324958
"0.2 < z < 0.5" 11.00301 0.0014911464549511619 0.00042114861922484603
"0.2 < z < 0.5" 11.25301 0.00041338713551064386 0.00013760292620589794
"0.2 < z < 0.5" 11.50301 0.00010334678379357564 4.900474015059544e-05
"0.5 < z < 0.8" 7.62765 0.0959683920101259 0.016117274480624562
"0.5 < z < 0.8" 7.877649999999999 0.04975008201155501 0.00862890649599382
"0.5 < z < 0.8" 8.12765 0.03300126934719591 0.005920911754493399
"0.5 < z < 0.8" 8.37765 0.0233797378624407 0.004340688414188865
"0.5 < z < 0.8" 8.62765 0.017782591466660398 0.0034163726040519265
"0.5 < z < 0.8" 8.87765 0.013826826591616288 0.0027490153005441187
"0.5 < z < 0.8" 9.12765 0.010400660122947498 0.002140987148755091
"0.5 < z < 0.8" 9.37765 0.008213645727548324 0.00175068708536403
"0.5 < z < 0.8" 9.62765 0.006057572144223516 0.0013380798682837071
"0.5 < z < 0.8" 9.87765 0.004887665186122584 0.0011182368919202398
"0.5 < z < 0.8" 10.12765 0.00393217891280491 0.0009319946316220342
"0.5 < z < 0.8" 10.37765 0.0034054375787218464 0.0008354540178300902
"0.5 < z < 0.8" 10.62765 0.0025540779538661676 0.0006502645788990868
"0.5 < z < 0.8" 10.87765 0.001451598212096769 0.00038672650776054346
"0.5 < z < 0.8" 11.12765 0.0006247384649996301 0.00017802623194664068
"0.5 < z < 0.8" 11.37765 0.00017149683280807452 5.7485115172294156e-05
"0.5 < z < 0.8" 11.62765 1.2249773757790164e-05 1.0714049589458045e-05
"0.8 < z < 1.1" 7.73219 0.04115094796618674 0.006938829854102393
"0.8 < z < 1.1" 7.982189999999999 0.027387900087240118 0.004774367484043479
"0.8 < z < 1.1" 8.23219 0.02273033798325924 0.004099054435771722
"0.8 < z < 1.1" 8.48219 0.01966404740469545 0.0036686298775552117
"0.8 < z < 1.1" 8.73219 0.01755467234221906 0.0033881066619593234
"0.8 < z < 1.1" 8.98219 0.01385572202234715 0.002767648650352081
"0.8 < z < 1.1" 9.23219 0.011481616086945567 0.0023734064794435237
"0.8 < z < 1.1" 9.48219 0.00912933418708711 0.0019536980229456547
"0.8 < z < 1.1" 9.73219 0.006862024823055179 0.0015210296107019826
"0.8 < z < 1.1" 9.98219 0.0056176633941924185 0.0012892013073310148
"0.8 < z < 1.1" 10.23219 0.004329020152738141 0.0010291950265122812
"0.8 < z < 1.1" 10.48219 0.003640402786895704 0.0008961017070845829
"0.8 < z < 1.1" 10.73219 0.0025974110169533302 0.0006631990457252409
"0.8 < z < 1.1" 10.98219 0.0012201790837016125 0.00032607353024490893
"0.8 < z < 1.1" 11.23219 0.0003261864843587979 9.524864356943674e-05
"0.8 < z < 1.1" 11.48219 8.859385955601976e-05 3.119123191842456e-05
"1.1 < z < 1.5" 7.86187 0.02453721099512185 0.004174629229195592
"1.1 < z < 1.5" 8.11187 0.016644842508117742 0.0029298139959515403
"1.1 < z < 1.5" 8.36187 0.012501438578380958 0.0022778597634881188
"1.1 < z < 1.5" 8.61187 0.01045281213985435 0.0019713588965278362
"1.1 < z < 1.5" 8.86187 0.008842378734388565 0.0017262839840506245
"1.1 < z < 1.5" 9.11187 0.006999007255517676 0.0014150540430111149
"1.1 < z < 1.5" 9.36187 0.005503593240486465 0.001152525284989474
"1.1 < z < 1.5" 9.61187 0.004100989560491511 0.0008899907583300483
"1.1 < z < 1.5" 9.86187 0.003095188821850803 0.0006963140326714381
"1.1 < z < 1.5" 10.11187 0.002391624028925908 0.0005578408574240892
"1.1 < z < 1.5" 10.36187 0.0018415236701377082 0.00044539611702701663
"1.1 < z < 1.5" 10.61187 0.0016195958009547098 0.00040559368185538643
"1.1 < z < 1.5" 10.86187 0.0012371254986237087 0.0003214459771636711
"1.1 < z < 1.5" 11.11187 0.0005524567857383299 0.0001508869135520113
"1.1 < z < 1.5" 11.36187 8.027149773222614e-05 2.602105473625135e-05
"1.1 < z < 1.5" 11.61187 4.721852779383184e-06 3.992258980377738e-06
"1.1 < z < 1.5" 11.86187 2.3609263880163597e-06 3.41009908813011e-06
"1.5 < z < 2.0" 8.011050000000001 0.02495852405719852 0.004299520521216037
"1.5 < z < 2.0" 8.261050000000001 0.01835962842404886 0.0032750489275803546
"1.5 < z < 2.0" 8.511050000000001 0.013455274197123373 0.002486311974050942
"1.5 < z < 2.0" 8.761050000000004 0.01000729211254964 0.0019157676542021684
"1.5 < z < 2.0" 9.011050000000004 0.007537923769640991 0.0014951173073769711
"1.5 < z < 2.0" 9.261050000000004 0.005822807873291157 0.0011968184132879064
"1.5 < z < 2.0" 9.511050000000004 0.004280288264389014 0.0009119638129151253
"1.5 < z < 2.0" 9.761050000000008 0.0031442390461985177 0.0006946948691933839
"1.5 < z < 2.0" 10.011050000000008 0.002167062990310743 0.0004968029868785049
"1.5 < z < 2.0" 10.261050000000008 0.001576189483545397 0.00037507603647993605
"1.5 < z < 2.0" 10.511050000000008 0.0012913935693687562 0.0003186696247468603
"1.5 < z < 2.0" 10.761050000000012 0.001073705526011182 0.0002747325817248427
"1.5 < z < 2.0" 11.011050000000012 0.0005319424281563504 0.00014242786895003352
"1.5 < z < 2.0" 11.261050000000012 0.000139123395368168 4.073342623278268e-05
"1.5 < z < 2.0" 11.511050000000012 2.2914441144650528e-05 8.945880292820048e-06
"2.0 < z < 2.5" 8.21306 0.013084346166009852 0.0023195235898970075
"2.0 < z < 2.5" 8.46306 0.010379326514175067 0.0019066127186619895
"2.0 < z < 2.5" 8.71306 0.00775286002215234 0.001476462834201079
"2.0 < z < 2.5" 8.96306 0.005806357374608155 0.0011465737198222664
"2.0 < z < 2.5" 9.21306 0.004249026867327707 0.0008703955487924897
"2.0 < z < 2.5" 9.46306 0.0031424122582643264 0.000667979515443438
"2.0 < z < 2.5" 9.71306 0.0023907618773484733 0.0005274949664250413
"2.0 < z < 2.5" 9.96306 0.0016998856015202012 0.00038963272692194885
"2.0 < z < 2.5" 10.21306 0.0012822767925096696 0.0003054299752569285
"2.0 < z < 2.5" 10.46306 0.0009003845331311868 0.0002231311885513113
"2.0 < z < 2.5" 10.71306 0.0006349251979802012 0.00016391459638947513
"2.0 < z < 2.5" 10.96306 0.000350838661824572 9.507879915872162e-05
"2.0 < z < 2.5" 11.21306 0.0001397144715866281 4.0918633018436236e-05
"2.0 < z < 2.5" 11.46306 2.483812578679299e-05 9.46691130760608e-06
"2.0 < z < 2.5" 11.71306 1.5523828033065058e-06 1.6849627347883438e-06
"2.5 < z < 3.0" 8.34868 0.007758120610631255 0.0014142967240013725
"2.5 < z < 3.0" 8.59868 0.006433745013787657 0.0012156425318077752
"2.5 < z < 3.0" 8.84868 0.004678088366886317 0.0009174750207600388
"2.5 < z < 3.0" 9.09868 0.00337280916860388 0.0006868401533278861
"2.5 < z < 3.0" 9.34868 0.002377058012418894 0.0005030265108135776
"2.5 < z < 3.0" 9.59868 0.0017900948230515842 0.0003935705939689405
"2.5 < z < 3.0" 9.84868 0.0013964972804021067 0.0003191826708843981
"2.5 < z < 3.0" 10.09868 0.000897274359601798 0.00021397911789299744
"2.5 < z < 3.0" 10.34868 0.0006951057593188822 0.0001728964840593186
"2.5 < z < 3.0" 10.59868 0.00037631920692964493 9.833623251348911e-05
"2.5 < z < 3.0" 10.84868 0.00025813564377626347 7.070958260952505e-05
"2.5 < z < 3.0" 11.09868 0.00012129253282632251 3.615359802340141e-05
"2.5 < z < 3.0" 11.34868 2.4880512835808642e-05 1.570376579916398e-05
"3.0 < z < 3.5" 8.44235 0.00561528869140546 0.001054760243969453
"3.0 < z < 3.5" 8.69235 0.0046884011282907374 0.0009134081209955666
"3.0 < z < 3.5" 8.94235 0.0033220657162179416 0.0006724725622788807
"3.0 < z < 3.5" 9.19235 0.0023140737964114093 0.0004871057460138252
"3.0 < z < 3.5" 9.44235 0.0015340548110849644 0.0003362649524638
"3.0 < z < 3.5" 9.69235 0.0011750622104622595 0.0002680511316671414
"3.0 < z < 3.5" 9.94235 0.0008980326161445056 0.00021347873558182109
"3.0 < z < 3.5" 10.19235 0.0006434815574703614 0.0001597662838822744
"3.0 < z < 3.5" 10.44235 0.0005122153412868288 0.00013267591281953235
"3.0 < z < 3.5" 10.69235 0.0003073266855918598 8.405628625515693e-05
"3.0 < z < 3.5" 10.94235 0.00023209480840747168 6.672106384234223e-05
"3.0 < z < 3.5" 11.19235 9.123718714910346e-05 2.9273494162538542e-05
"3.0 < z < 3.5" 11.44235 2.5610425439864355e-05 1.0752527589041775e-05
"3.0 < z < 3.5" 11.69235 3.201302833410876e-06 2.014672817940971e-05
"3.5 < z < 4.5" 8.57049 0.0040065568339583 0.0007936566716858077
"3.5 < z < 4.5" 8.82049 0.0029356625433696283 0.0006044112341849337
"3.5 < z < 4.5" 9.07049 0.0019337112994400668 0.0004142255426086724
"3.5 < z < 4.5" 9.32049 0.0012347150697745598 0.00027544898714324597
"3.5 < z < 4.5" 9.57049 0.0008142611970579103 0.00018935255634169274
"3.5 < z < 4.5" 9.82049 0.0005937582153612943 0.0001439625425755562
"3.5 < z < 4.5" 10.07049 0.0004060667095642335 0.00010286925686018589
"3.5 < z < 4.5" 10.32049 0.00029981807773964175 7.964654511789713e-05
"3.5 < z < 4.5" 10.57049 0.00016361066707571708 4.6139958322739394e-05
"3.5 < z < 4.5" 10.82049 9.679498070073866e-05 2.9463031078350348e-05
"3.5 < z < 4.5" 11.07049 3.5120096440222394e-05 1.3504714903213422e-05
"3.5 < z < 4.5" 11.32049 1.5418559749540166e-05 1.1782651203654848e-05
"3.5 < z < 4.5" 11.57049 8.565855439093595e-07 4.238802480034263e-06
"4.5 < z < 5.5" 8.62362 0.002427025331084299 0.0005245702025181026
"4.5 < z < 5.5" 8.87362 0.001617209906949732 0.000363799182652033
"4.5 < z < 5.5" 9.12362 0.001168783677439155 0.00027409058962630953
"4.5 < z < 5.5" 9.37362 0.0006930032234219718 0.0001699741534545468
"4.5 < z < 5.5" 9.62362 0.0004074850916637291 0.00010482081432822135
"4.5 < z < 5.5" 9.87362 0.0002003213873417585 5.458522919728742e-05
"4.5 < z < 5.5" 10.12362 9.345742847454625e-05 2.749157677139814e-05
"4.5 < z < 5.5" 10.37362 5.244638934262164e-05 1.6888786677491122e-05
"4.5 < z < 5.5" 10.62362 4.4813665445402475e-05 1.5553483185220745e-05
"4.5 < z < 5.5" 10.87362 2.4788323085913194e-05 1.0134005331505489e-05
"4.5 < z < 5.5" 11.12362 7.6268849978239135e-06 4.137634656396257e-06
"4.5 < z < 5.5" 11.37362 2.8600390412286127e-06 2.037154721819358e-06
"4.5 < z < 5.5" 11.62362 1.9066779260250494e-06 1.6029896872860446e-06
"4.5 < z < 5.5" 11.87362 9.533381911451644e-07 1.1080609322653305e-06
"5.5 < z < 6.5" 8.7051 0.0007093330250468494 0.0001750387130153074
"5.5 < z < 6.5" 8.9551 0.0006195671513960048 0.00015914006360795663
"5.5 < z < 6.5" 9.2051 0.00037226138685142213 0.00010047761597307635
"5.5 < z < 6.5" 9.4551 0.00023930378654558944 6.809026494276805e-05
"5.5 < z < 6.5" 9.7051 0.00011521799031977203 3.518931332193138e-05
"5.5 < z < 6.5" 9.9551 5.3316596065131006e-05 1.8075070800944143e-05
"5.5 < z < 6.5" 10.2051 2.3452168401904744e-05 9.311446861139832e-06
"5.5 < z < 6.5" 10.4551 7.467139987375588e-06 4.081470473506892e-06
"5.5 < z < 6.5" 10.7051 1.2790754931992465e-05 7.071405269387788e-06
"5.5 < z < 6.5" 10.9551 5.328985460718871e-06 3.6309875724782647e-06
"5.5 < z < 6.5" 11.2051 4.263027855455686e-06 3.7158426971696906e-06
"6.5 < z < 7.5" 8.81213 0.0005658733474303026 0.00016213431668361412
"6.5 < z < 7.5" 9.06213 0.0002918983489987695 8.837981325435076e-05
"6.5 < z < 7.5" 9.31213 0.0002196462201954337 6.993308175485053e-05
"6.5 < z < 7.5" 9.56213 9.684901389041159e-05 3.3357816833956146e-05
"6.5 < z < 7.5" 9.81213 5.366674138331558e-05 2.0566309799168797e-05
"6.5 < z < 7.5" 10.06213 2.144487233245127e-05 1.0167561534741518e-05
"6.5 < z < 7.5" 10.31213 7.142430151081066e-06 4.473603002420141e-06
"6.5 < z < 7.5" 10.56213 3.5685603871911232e-06 2.8176420320155705e-06
"6.5 < z < 7.5" 10.81213 3.5660731992203716e-06 3.0877668999550027e-06
"6.5 < z < 7.5" 11.06213 5.943592018300282e-06 4.325261918051644e-06
"6.5 < z < 7.5" 11.31213 1.1885876354103e-06 1.5173343402144307e-06
"6.5 < z < 7.5" 11.56213 2.377181390848723e-06 2.7917969690219314e-06
"6.5 < z < 7.5" 11.81213 1.1886014606256377e-06 1.939906122752218e-06
"7.5 < z < 8.5" 8.83213 0.0004082938617751325 0.00013529516008926916
"7.5 < z < 8.5" 9.08213 0.00026251408082387227 9.153747644563503e-05
"7.5 < z < 8.5" 9.33213 0.00017372671695053157 6.402978718860126e-05
"7.5 < z < 8.5" 9.58213 7.701300654794257e-05 3.0651666848677394e-05
"7.5 < z < 8.5" 9.83213 3.568183935232026e-05 1.573508741395892e-05
"7.5 < z < 8.5" 10.08213 7.924831868043436e-06 4.666644312901865e-06
"7.5 < z < 8.5" 10.33213 2.63883466159413e-06 2.2361627200066625e-06
"7.5 < z < 8.5" 10.58213 2.6388551051575197e-06 2.3275427078034118e-06
"7.5 < z < 8.5" 10.83213 2.6388115404861215e-06 2.419958425402395e-06
"7.5 < z < 8.5" 11.08213 0.0 1.8659215360894742e-06
"7.5 < z < 8.5" 11.33213 1.319611688327441e-06 1.6339676547995215e-06
"8.5 < z < 10.0" 8.88705 0.0001135644974019776 4.6828522665944704e-05
"8.5 < z < 10.0" 9.13705 4.111396587546306e-05 1.8455830617674798e-05
"8.5 < z < 10.0" 9.38705 2.6082418280275595e-05 1.2602557553591343e-05
"8.5 < z < 10.0" 9.63705 2.0904118220362988e-05 1.0736672554756328e-05
"8.5 < z < 10.0" 9.88705 9.941637251025147e-06 5.81948500785439e-06
"8.5 < z < 10.0" 10.13705 3.976028881704611e-06 2.927040883691912e-06
"8.5 < z < 10.0" 10.38705 2.9835512091885826e-06 2.6087529789884157e-06
"8.5 < z < 10.0" 10.63705 9.93913069573467e-07 1.323141981407977e-06
"10.0 < z < 12.0" 8.90436 1.500636646215288e-05 8.886203558255676e-06
"10.0 < z < 12.0" 9.204360000000001 3.7238118867915243e-06 2.6522786443790418e-06
"10.0 < z < 12.0" 9.504360000000002 3.6747860452875224e-06 2.741274945308755e-06
"10.0 < z < 12.0" 9.804360000000003 7.294698749489752e-07 8.743653426583126e-07
